1 2 4 3
1(2(3(4(6(9(13(16(25(49)(50))(48))(47))(46))(12(15(24(44)(45))(43))(42)))(8(11(23(40)(41))(38)(39))(22(36)(37))))(5(7(14(20(32)(33))(31))(19(28)(29)(30)))(21(34)(35))))(17(26(53)(54))(52))(51))(10(18(27(58)(59))(57))(55)(56))
19
28 1
C|15|16|5|2|1|6|9|13|14|10|12|8|7|3|4
29 1
L|15|16|5|2|1|6|9|13|14|10|12|8|7|3|4
30 2
L|15|16|5|2|1|6|9|13
L|14|10|12|8|7|3|4
31 1
C|4'|3'|17|18|15|16|7'|8|14|13|5
32 1
C|7'|8|14|13|5|12|3|4|10|17|18|15|16
33 1
C|7'|8|14|13|5|12|3|4|10|17|18|15|16
34 1
C|15|16|8|7|9|14|1|11|17|18|6|5|12|10|2|3|4
35 1
C|13|8|10|9|17|18|5|11|14|7|15|16|6|3|4|12|2|1
36 1
C|3|4|5|2|1|6|10|12|11|13|7|17|18|15|16|14'|8|9
37 1
C|3|4|5|2|1|6|10|12|11|13|7|17|18|15|16|14'|8|9
38 1
C|3|4|9|14|15|16|1|2|5|8|17|18|6|7|11|10|13|12
39 1
C|3|4|5|6|1|13'|15|16|14|11|9'|7'|8'|12'|10'
40 1
C|3|4|12'|14'|11'|5'|10'|13'|6|7'|9|8'|1'|15|16|17|18
41 1
C|8'|15|16|17|18|13'|9'|3|4|14|6'|5|10'|1|11|7'
42 1
C|2|1|6|10|13'|11'|12'|14|7|8'|16'|15'|18'|17'|9|3|4|5
43 1
C|6|10|9|3|4|5|2|1|13'|11'|12'|7'|14'|8'|16'|15'|18'|17'
44 1
C|3|4|6|5|15|16|17|18|7'|2|12|11|9|10'|1'|13|8'|14
45 1
C|6|7|5|17|15|18|1|9|11|13|14|10|8|12|3|4|16
46 1
C|15|16|17|18|8|9|3|4|5|2|1|6|10|12|11|13|14'|7
47 1
C|1|6|10|12|11|13|7|14'|17|18|15|16|9|8|3|4|5|2
48 1
C|9'|8'|3|4|12|5|2|1|6|10|11|13|14'|7|17|18|16'|15'
49 1
C|3|4|12|5|2|1|6|10|11|13|14'|7|17|18|8|9|15|16
50 1
C|17|18|8|9|15|16|3|4|12|5|2|1|6|10|11|13|14'|7
51 1
C|7'|12'|8|10|15|16|1|14|4|6|13|9|17|18|5|3|11
52 1
C|3|4|6|10|5|17|18|15|16|11|9|12|13|8|7|14
53 1
C|3|4|17|18|15|16|14|6|10|11|12|13|9|7|8|5
54 1
C|17|18|15|16|6|11|12|13|9|7|8|5|3|4
55 1
C|15|16|12|3|4|8|9|13|5|2|1|6|7|11|14|10|17|18
56 4
L|14'|5|12
L|11'|8|7
L|10'|9|3|4|1
L|13'|17|18|15|16|6
57 1
C|15|16|1|6|9|13|8|7|11|14|19|17|18|10|3|4|5
58 1
C|3|4|2|19|17|18|15|16|5|10|12|1|6|9|13|8|7|11|14
59 1
C|3|4|19|17|18|15|16|5|10|12|1|6|9|13|8|7|11|14