1 1000 1000 1
1(2(3)(4)(5))(6(7(8)(9)(10))(11(12)(13)(14)))(15)
18
3 11
L|16|12'|1|7'|18'|17'|11'|10
C|15
C|6
C|5
C|13
C|14
C|4
C|3
C|2
C|8
C|9
4 11
L|16|12'|1|18'|7'|17'|10'|11
C|15
C|6
C|5
C|13
C|14
C|4
C|3
C|2
C|8
C|9
5 12
L|16|12'|1|7'|17'|11'|10
C|18
C|15
C|6
C|5
C|13
C|14
C|4
C|3
C|2
C|8
C|9
8 5
L|6|7|8|9|12'|13|14|15|16|17|1|2|3|4
C|18
C|10
C|11
C|5
9 4
C|6|7|8|9|10|12'|13|14|15|16|17|1|2|3|4
C|18
C|11
C|5
10 4
L|6|7|8|9|10|12'|13|14|15|16|17|1|2|3|4
C|18
C|11
C|5
12 4
C|6|7|8|9|10|12'|13|14|15|16|17|1|3|4|2
C|18
C|11
C|5
13 5
C|1|3|4|6|7|8|9|10|12'|16|17|13|14|15
C|5
C|2
C|11
C|18
14 5
C|1|3|4|6|7|8|9|10|12'|13|14|15|16|17
C|5
C|2
C|11
C|18
15 1
L|1|2|3|4|5|6|7|8|9|10|11|12'|13|14|15|16|17|18
